98
-493
311
980
328
-405
289
-958
-167
477
288
-681
297
595
919
-187
602
-447
733
-636
571
-850
669
589
239
-980
-285
869
-459
634
450
-158
789
402
114
-379
-689
-54
705
-469
-8
-653
-44
45
-908
-446
45
-799
525
209
-135
-858
-273
-863
345
-94
-960
-664
38
454
937
-669
414
-810
-177
302
410
-436
239
-377
-573
81
-575
-515
814
-317
-449
-860
-847
431
701
864
71
349
-246
-42
47
142
508
-899
-655
-392
337
505
461
669
139
-448
-272
end
